0,22,0, 27,2, 0,6,25,,
0,23,29, 30,29, 0,0,93,,
0,31,29, 31,29, 0,10,93,,
0,30,26, 31,28, -5,2,0,,
-1,0,24, 2,27, -5,4,2,,
0,0,8, 3,8, -5,4,1,,
0,0,5, 2,7, 0,4,39,,
-1,12,24, 15,27, 0,11,47,,
-1,4,24, 7,27, -3,7,58,,
-1,8,24, 11,27, -3,11,58,,
-1,4,20, 7,23, -5,0,3,,
0,10,6, 11,7, -5,0,1,,
-1,2,30, 4,30, -5,4,0,,
-1,5,28, 5,30, -5,7,2,,
-1,8,13, 8,13, 0,2,12,,
-1,9,13, 9,13, 0,1,19,,
-1,0,4, 2,4, 0,5,79,,
-1,9,22, 9,22, 0,6,47,"black,
-1,11,20, 11,20, 0,6,48,"black,
0,28,22, 28,22, 0,7,51,,
0,26,15, 28,17, 0,11,48,,
0,26,18, 29,18, 0,11,47,,
0,29,15, 29,18, 0,14,47,,
0,20,25, 23,25, 0,13,78,,
0,23,26, 23,27, 0,7,80,"white,
0,24,26, 28,26, 0,26,88,,
0,24,27, 29,27, 0,26,89,,
0,1,23, 1,23, 0,31,87,,
0,2,23, 2,23, 0,29,87,,
0,3,23, 3,23, 0,27,87,,
0,4,23, 4,23, 0,25,87,,
0,5,23, 5,23, 0,26,87,,
0,6,23, 6,23, 0,28,87,,
0,7,23, 7,23, 0,23,87,,
0,23,28, 25,28, 0,27,96,,
0,0,25, 0,25, 0,29,95,,
0,0,19, 0,19, 0,6,73,,
0,1,19, 1,19, 0,4,73,,
0,2,19, 2,19, 0,5,73,,
0,3,19, 3,19, 0,0,74,,
0,3,20, 3,20, 0,6,77,,
0,4,20, 4,20, 0,17,77,,
0,8,23, 8,23, 0,21,86,,
0,9,23, 9,23, 0,19,86,,
0,8,24, 8,24, 0,0,91,,
0,10,24, 13,24, 0,8,91,,
0,0,22, 1,22, 0,21,93,,
0,0,24, 0,24, 0,3,87,,
0,12,19, 12,19, 0,28,83,,
0,13,19, 13,19, 0,28,82,,
0,14,19, 14,19, 0,28,84,,
0,15,19, 15,19, 0,28,85,,
0,14,21, 14,21, 0,27,86,,
0,10,16, 11,16, 0,19,10,,
0,10,17, 11,17, 0,21,10,,
0,10,15, 11,15, 0,19,13,,
0,12,15, 13,15, 0,8,11,,
0,14,15, 19,15, 0,10,11,,
0,20,15, 20,16, 0,16,10,,
0,25,30, 31,30, 0,11,51,,
0,25,31, 31,31, 0,18,51,,
0,30,19, 31,20, 0,27,67,,
0,27,12, 29,12, 0,11,31,,
0,24,17, 25,18, 0,30,28,,
0,21,18, 21,18, 0,18,68,,
0,22,18, 22,18, 0,18,69,,
0,10,23, 10,23, 0,17,86,,
0,1,24, 1,24, 0,9,89,,
0,2,24, 2,24, 0,8,89,,
0,3,24, 5,24, 0,4,89,,
0,12,17, 14,18, 0,0,65,,
0,10,18, 11,18, 0,21,13,,
0,4,17, 5,18, 0,23,14,,
0,0,17, 0,18, 0,25,14,,
0,8,17, 9,18, 0,25,16,,
0,1,17, 2,17, 0,26,14,[0-28-14,
0,1,18, 3,18, 0,26,15,,
0,3,17, 3,17, 0,28,14,,
0,3,16, 3,16, 0,28,13,,
0,3,15, 3,15, 0,28,12,,
0,3,13, 3,14, 0,28,10,,
0,16,19, 16,19, 0,20,94,,
0,17,19, 17,19, 0,20,95,,
0,10,19, 11,19, 0,0,60,,
0,0,20, 0,20, 0,14,55,,
0,4,27, 6,27, 0,0,31,,
0,17,23, 17,24, 0,22,82,,
0,18,23, 18,24, 0,20,82,,
0,19,23, 19,23, 0,29,51,,
0,23,23, 23,23, 0,29,49,,
0,23,24, 23,24, 0,30,49,,
0,30,24, 30,24, 0,0,78,A12,
0,26,22, 26,22, -5,7,0,,
0,19,19, 19,19, 0,9,42,A14,
0,16,20, 17,20, 0,17,94,,
0,18,20, 19,20, 0,17,95,,
0,16,21, 16,21, 0,16,95,,
0,5,20, 5,20, 0,2,77,,
0,6,20, 6,20, 0,2,76,,
0,13,16, 14,16, 0,3,12,,
0,29,21, 31,21, 0,25,77,,
0,24,21, 28,21, 0,20,90,,
0,10,25, 15,25, 0,20,91,,
0,20,23, 20,23, 0,20,84,,
0,20,24, 20,24, 0,21,84,,
0,17,21, 17,21, 0,22,84,,
0,17,22, 17,22, 0,22,85,,
0,17,28, 17,28, 0,24,84,,
0,17,29, 17,29, 0,25,84,,
0,18,28, 18,28, 0,26,84,,
0,18,29, 18,29, 0,27,84,,
0,16,28, 16,28, 0,26,85,,
0,16,29, 16,29, 0,27,85,,
0,17,25, 17,26, 0,24,82,,
0,18,25, 18,26, 0,26,82,,
0,19,25, 19,26, 0,25,82,,
0,16,25, 16,26, 0,27,82,,
0,24,20, 29,20, 0,20,89,,
0,9,11, 10,12, 0,7,53,,
0,10,8, 11,8, 0,0,27,,
0,21,15, 21,17, 0,17,34,,
0,22,15, 24,16, 0,10,70,,
0,0,11, 1,12, 0,1,38,,
0,20,20, 23,20, 0,27,47,,
0,16,17, 16,17, 0,1,70,,
0,18,17, 18,17, 0,21,63,,
0,19,17, 19,17, 0,21,63,,
0,20,17, 20,17, 0,21,63,,
0,18,18, 18,18, 0,24,81,,
0,11,20, 11,20, 0,28,79,,
0,12,20, 12,20, 0,30,81,,
0,15,20, 15,20, 0,27,80,,
0,14,20, 14,20, 0,28,80,,
0,17,17, 17,17, 0,23,62,,
0,2,22, 8,22, 0,25,75,,
0,13,20, 13,20, 0,29,81,,
0,11,21, 12,21, 0,2,59,,
0,17,18, 17,18, 0,10,60,,
0,19,18, 19,18, 0,26,61,,
0,1,20, 2,20, 0,10,65,,
0,20,3, 21,4, 0,25,35,,
0,0,4, 0,4, 0,0,19,,
0,0,13, 0,16, 0,25,10,,
0,7,27, 7,27, -1,1,18,,
0,8,27, 8,27, -1,0,18,,
0,9,27, 9,27, -1,3,18,,
0,10,27, 10,27, -1,2,18,,
0,11,27, 11,27, -1,13,14,,
0,12,27, 12,27, -1,15,14,,
0,13,27, 14,27, -1,16,14,,
0,20,30, 20,30, -5,7,5,,
0,21,30, 21,30, 0,3,94,,
0,22,30, 22,30, 0,1,94,,
0,23,30, 23,30, 0,0,94,,
0,19,28, 19,28, 0,24,85,,
0,19,29, 19,29, 0,25,85,,
0,15,21, 15,21, 0,29,86,,
0,22,26, 22,26, 0,24,79,,
0,19,24, 19,24, 0,28,51,,
0,20,18, 20,18, 0,8,59,,
0,9,20, 9,20, 0,1,76,,
0,10,20, 10,20, 0,17,76,,
0,8,20, 8,20, 0,4,76,,
0,9,19, 9,19, 0,13,73,,
0,10,22, 16,22, 0,10,52,,
0,20,31, 24,31, 0,9,92,,
0,24,30, 24,30, 0,8,92,,
0,9,25, 9,25, 0,4,91,,
0,5,19, 5,19, 0,3,74,,
0,6,19, 6,19, 0,8,74,,
0,7,19, 7,19, 0,10,74,,
0,0,21, 7,21, 0,9,53,,
0,7,17, 7,18, 0,23,12,"black,
0,14,24, 15,24, 0,0,92,,
0,6,24, 7,24, 0,10,89,,
0,1,4, 2,4, 0,0,12,,
0,0,28, 0,28, -1,2,6,,
0,1,28, 1,28, -1,6,6,,
0,2,28, 2,28, -1,4,6,,
0,3,28, 3,28, -1,5,6,,
0,4,28, 4,28, -1,3,6,,
0,5,28, 9,28, -1,0,16,,
0,3,25, 3,25, -1,5,16,,
0,4,25, 4,25, -1,6,16,,
0,15,26, 15,27, -1,0,12,,
0,5,25, 5,25, -1,22,4,,
0,6,25, 6,25, -1,5,17,,
0,7,25, 7,25, -1,22,6,,
0,8,25, 8,25, -1,10,2,,
0,2,26, 2,26, -1,2,1,,
0,3,26, 3,26, -1,6,1,,
0,0,26, 0,26, -1,3,14,,
0,1,26, 1,26, -1,4,14,,
0,2,25, 2,25, -1,0,0,,
0,10,26, 14,26, -1,0,10,,
0,1,27, 1,27, -1,12,10,,
0,3,27, 3,27, -1,12,11,,
0,2,27, 2,27, -1,15,10,,
0,6,5, 8,7, -5,0,4,,
0,6,8, 9,8, -5,0,3,,
0,9,5, 9,7, -5,3,4,,
0,8,15, 9,15, 0,8,9,,
0,8,16, 9,16, 0,6,9,,
0,4,16, 5,16, 0,30,18,,
0,7,13, 7,13, 0,4,9,,
0,26,28, 26,28, 0,14,88,,
0,27,28, 27,28, 0,14,92,,
0,28,28, 28,28, 0,14,89,,
0,22,27, 22,27, 0,25,79,,
0,28,11, 28,11, 0,11,29,,
0,19,30, 19,30, 0,30,78,,
0,21,23, 21,23, 0,22,49,,
0,21,24, 21,24, 0,20,49,,
0,16,18, 16,18, 0,10,61,,
0,12,16, 12,16, 0,8,10,,
0,8,19, 8,19, 0,11,73,,
0,14,28, 15,29, -1,12,0,,
0,12,28, 13,29, -1,2,8,,
0,16,31, 16,31, 0,12,90,,
0,16,30, 18,30, 0,29,79,,
0,19,31, 19,31, 0,12,87,,
0,31,11, 31,11, 0,23,10,,
0,13,21, 13,21, 0,24,10,,
0,11,10, 13,10, 0,19,19,,
0,12,11, 12,11, 0,21,18,,
0,15,17, 15,17, 0,9,10,,
0,23,17, 23,18, 0,29,28,,
0,10,3, 10,3, 0,4,26,,
0,10,4, 10,4, 0,5,26,,
0,20,22, 20,22, 0,6,15,,
0,21,22, 21,22, 0,7,15,,
0,18,21, 18,22, 0,8,14,,
0,19,21, 19,22, 0,9,14,,
0,21,21, 21,21, 0,11,14,,
0,20,21, 20,21, 0,12,14,,
0,23,21, 23,21, 0,13,14,,
0,22,21, 22,21, 0,14,14,,
0,15,16, 15,16, 0,14,10,,
0,15,18, 15,18, 0,10,10,,
0,22,22, 22,22, 0,7,14,,
0,25,15, 25,16, 0,16,70,,
0,7,14, 7,14, 0,12,9,,
0,6,15, 6,15, 0,10,9,,
0,7,15, 7,15, 0,11,9,,
0,13,9, 13,9, 0,28,50,,
0,26,11, 26,11, 0,7,24,,
0,27,11, 27,11, 0,10,24,,
0,9,22, 9,22, 0,29,31,,
0,8,21, 10,21, 0,29,30,,
0,4,19, 4,19, 0,2,74,,
0,10,28, 11,28, -1,0,14,,
0,0,29, 1,29, -1,5,8,,
0,29,28, 29,28, 0,16,92,,
0,29,26, 29,26, 0,26,97,,
0,17,31, 17,31, 0,12,88,,
0,18,31, 18,31, 0,12,89,,
0,0,30, 3,31, 0,0,82,,
0,4,30, 15,30, 0,4,82,,
0,6,31, 9,31, 0,6,84,,
0,15,31, 15,31, 0,15,83,,
0,14,31, 14,31, 0,14,83,,
0,18,7, 18,7, 0,2,69,,
0,4,26, 4,26, -1,14,0,,
0,6,26, 6,26, -1,26,4,,
0,7,26, 7,26, -1,25,4,,
0,0,27, 0,27, -1,12,8,,
0,16,16, 16,16, 0,21,16,,
0,6,17, 6,17, 0,15,80,,
0,6,16, 7,16, 0,15,79,,
0,4,15, 5,15, 0,28,18,,
0,17,16, 18,16, 0,19,16,,
0,26,12, 26,12, 0,20,88,,
0,8,26, 8,26, -1,25,6,,
0,9,26, 9,26, -1,24,7,,
0,4,13, 5,14, 0,24,7,[0-25-14,
0,1,13, 2,15, 0,26,10,[0-7-8,
0,21,27, 21,27, 0,6,81,"white,
0,20,26, 20,27, 0,5,80,"white,
0,16,23, 16,23, 0,21,68,,
0,16,24, 16,24, 0,20,68,,
0,11,4, 11,4, 0,11,10,,
0,30,11, 30,11, 0,25,54,,
0,3,2, 3,2, 0,16,22,,
0,8,13, 8,13, 0,7,28,,
0,15,10, 15,10, 0,25,26,,
0,24,22, 24,22, 0,6,48,,
0,6,13, 6,13, 0,27,18,,
0,6,14, 6,14, 0,27,19,,
0,12,8, 12,8, 0,4,30,,
0,3,1, 5,3, 0,16,21,,
-1,3,12, 3,12, 0,14,90,,
-1,2,12, 2,12, 0,18,91,,
-1,1,12, 1,12, 0,18,89,,
-1,0,12, 0,12, 0,16,89,,
-1,2,9, 2,9, 0,8,77,,
-1,0,11, 9,11, 0,6,75,,
0,21,26, 21,26, 0,15,8,,
0,21,28, 21,28, 0,19,8,,
0,22,23, 22,23, 0,26,49,,
0,22,24, 22,24, 0,24,49,,
0,16,27, 16,27, 0,10,1,,
0,17,27, 17,27, 0,0,1,,
0,18,27, 18,27, 0,7,1,,
0,19,27, 19,27, 0,4,1,,
0,23,22, 23,22, 0,6,14,,
0,7,20, 7,20, 0,2,75,,
0,0,23, 0,23, 0,20,87,,
0,8,14, 8,14, 0,11,8,,
0,15,2, 18,2, 0,21,44,,
0,18,1, 18,1, 0,25,44,,
0,15,1, 17,1, 0,21,43,,
0,15,0, 15,0, 0,31,47,,
0,9,0, 9,2, 0,5,29,,
0,10,1, 10,1, 0,5,29,,
0,20,2, 20,2, 0,28,48,,
0,6,4, 6,4, 0,2,20,,
0,19,16, 19,16, 0,15,10,,
0,1,16, 2,16, 0,26,13,[0-2-8,
-1,0,7, 0,7, 0,1,1,,
-1,1,7, 1,7, 0,3,1,,
-1,2,7, 2,7, 0,5,1,,
-1,3,7, 3,7, 0,6,1,,
-1,4,7, 4,7, 0,8,1,,
-1,5,7, 5,7, 0,9,1,,
-1,6,7, 6,7, 0,11,1,,
-1,13,7, 13,7, 0,12,1,,
-1,14,7, 14,7, 0,2,1,,
-1,9,7, 9,7, 0,15,1,,
-1,8,7, 8,7, 0,14,1,,
-1,7,7, 7,7, 0,13,1,,
-1,10,7, 10,7, 0,16,1,,
-1,11,7, 11,7, 0,17,1,,
-1,12,7, 12,7, 0,18,1,,
-1,0,8, 0,8, 0,1,5,,
-1,1,8, 1,8, 0,3,5,,
-1,14,8, 14,8, 0,2,5,,
-1,2,8, 2,8, 0,5,5,,
-1,3,8, 3,8, 0,6,5,,
-1,4,8, 4,8, 0,8,5,,
-1,5,8, 5,8, 0,9,5,,
-1,6,8, 6,8, 0,11,5,,
-1,7,8, 7,8, 0,13,5,,
-1,8,8, 8,8, 0,14,5,,
-1,9,8, 9,8, 0,15,5,,
-1,10,8, 10,8, 0,16,5,,
-1,11,8, 11,8, 0,17,5,,
-1,12,8, 12,8, 0,18,5,,
-1,13,8, 13,8, 0,12,5,,
-1,9,14, 9,14, 0,16,30,,
-1,11,15, 11,15, 0,30,62,,
-1,12,13, 12,13, 0,9,29,,
-1,13,13, 13,13, 0,9,30,,
-1,14,13, 14,13, 0,9,31,,
-1,5,18, 5,18, 0,25,74,,
-1,6,18, 6,18, 0,24,74,,
-1,11,10, 11,10, 0,3,72,,
-1,12,10, 12,10, 0,0,72,,
-1,2,10, 2,10, 0,3,73,,
-1,10,10, 10,10, 0,1,72,,
-1,5,6, 5,6, 0,1,73,,
-1,0,10, 0,10, 0,6,72,,
-1,1,10, 1,10, 0,10,73,,
-1,7,14, 7,14, 0,2,23,,
-1,8,14, 8,14, 0,2,22,,
-1,6,14, 6,14, 0,1,22,,
-1,0,13, 0,13, 0,0,26,,
-1,15,5, 15,5, 0,5,61,,
-1,11,5, 11,5, 0,22,15,,
-1,6,3, 6,3, 0,2,10,,
-1,0,3, 1,3, 0,0,11,,
-1,7,18, 7,18, 0,21,74,,
-1,8,18, 8,18, 0,17,74,,
-1,9,18, 9,18, 0,22,74,,
-1,10,18, 10,18, 0,26,74,,
-1,13,17, 13,17, 0,5,69,,
-1,15,18, 15,18, 0,12,10,,
-1,2,15, 3,15, 0,5,65,,
-1,4,15, 4,15, 0,8,65,,
-1,5,15, 5,15, 0,3,55,,
-1,6,15, 6,15, 0,14,59,,
-1,10,16, 10,16, 0,15,68,,
-1,5,16, 5,16, 0,9,65,,
-1,7,15, 7,15, 0,7,59,,
-1,8,15, 8,15, 0,4,60,,
-1,14,15, 14,15, 0,4,61,,
-1,13,15, 13,15, 0,20,71,,
-1,15,15, 15,15, 0,22,71,,
-1,5,10, 5,10, 0,11,72,,
-1,6,17, 6,17, 0,20,70,,
-1,12,17, 12,17, 0,21,70,,
-1,7,17, 8,17, 0,22,69,,
-1,7,16, 7,16, 0,6,56,,
-1,7,10, 7,10, 0,4,72,,
-1,3,10, 3,10, 0,5,72,,
-1,4,10, 4,10, 0,13,72,,
-1,6,10, 6,10, 0,14,72,,
-1,8,10, 8,10, 0,2,72,,
-1,10,13, 10,13, 0,3,23,,
-1,9,17, 9,17, 0,24,63,,
-1,10,17, 10,17, 0,24,64,,
-1,11,17, 11,17, 0,24,65,,
-1,9,10, 9,10, 0,8,72,,
-1,3,9, 3,9, 0,7,73,,
-1,4,9, 5,9, 0,27,73,,
-1,4,5, 4,5, 0,6,69,,
-1,11,6, 11,6, 0,11,62,,
-1,3,3, 3,3, 0,12,62,,
0,12,9, 12,9, 0,27,49,,
-1,0,20, 3,23, 0,21,33,,
-1,1,18, 4,18, 0,7,33,,
-1,0,18, 0,18, 0,14,33,,
-1,15,10, 15,10, 0,4,74,,
-1,6,6, 6,6, 0,15,73,,
-1,4,6, 4,6, 0,12,74,,
-1,14,10, 14,10, 0,11,74,,
-1,8,6, 10,6, 0,12,77,,
-1,14,18, 14,18, 0,11,77,,
-1,1,9, 1,9, 0,1,77,,
-1,11,4, 12,4, 0,6,61,,
-1,10,4, 10,4, 0,9,64,,
-1,7,3, 7,3, 0,2,11,,
-1,0,1, 0,1, 0,3,11,,
-1,0,0, 0,0, 0,3,10,,
-1,0,4, 0,6, 0,5,79,,
-1,1,4, 2,4, 0,6,79,,
-1,1,6, 2,6, 0,6,81,,
-1,2,5, 2,5, 0,7,80,,
-1,15,20, 15,20, 0,0,43,,
-1,1,15, 1,15, 0,29,64,,
-1,0,15, 0,15, 0,30,64,,
-1,15,1, 15,1, 0,5,32,,
-1,5,3, 5,3, 0,6,30,,
-1,4,3, 4,3, 0,6,29,,
-1,9,3, 9,3, 0,6,28,,
-1,11,0, 11,1, 0,15,62,,
-1,12,0, 12,1, 0,30,65,,
-1,10,11, 13,11, 0,28,74,,
-1,0,9, 0,9, 0,27,74,,
-1,11,18, 11,18, 0,22,73,,
-1,12,18, 12,18, 0,17,73,,
-1,13,18, 13,18, 0,21,73,,
-1,13,6, 15,6, 0,19,15,,
-1,6,4, 6,4, 0,5,21,,
-1,6,9, 6,9, 0,0,77,,
-1,9,9, 9,9, 0,21,76,,
-1,10,9, 10,9, 0,27,76,,
-1,11,9, 11,9, 0,17,75,,
-1,3,6, 3,6, 0,8,73,,
-1,12,9, 12,9, 0,30,72,,
-1,13,9, 13,9, 0,19,75,,
-1,14,9, 14,9, 0,21,75,,
-1,13,10, 13,10, 0,10,72,,
-1,3,14, 3,14, 0,3,25,,
-1,4,14, 4,14, 0,5,24,,
-1,2,14, 2,14, 0,2,25,,
-1,0,14, 1,14, 0,0,24,,
-1,1,13, 1,13, 0,1,26,,
-1,5,4, 5,4, 0,4,10,,
-1,11,13, 11,13, 0,2,21,,
-1,7,9, 7,9, 0,23,76,,
-1,8,9, 8,9, 0,23,75,,
-1,9,4, 9,4, 0,26,71,,
-1,7,6, 7,6, 0,0,73,,
-1,2,3, 2,3, 0,9,60,,
-1,4,1, 4,1, 0,9,62,,
-1,6,16, 6,16, 0,7,60,,
-1,5,0, 6,1, 0,7,63,,
-1,8,0, 8,1, 0,6,63,,
-1,7,0, 7,1, 0,5,63,,
-1,9,0, 10,1, 0,5,59,,
-1,13,0, 14,1, 0,30,60,,
-1,15,0, 15,0, 0,0,61,,
-1,6,5, 6,5, 0,24,66,,
-1,8,16, 8,16, 0,22,70,,
-1,9,15, 10,15, 0,29,58,,
-1,2,13, 2,13, 0,16,38,,
-1,3,13, 3,13, 0,21,38,,
-1,4,13, 4,13, 0,0,28,,
-1,5,13, 5,13, 0,1,28,,
-1,6,13, 7,13, 0,2,28,,
-1,7,5, 7,5, 0,3,14,,
-1,8,4, 8,4, 0,9,66,,
-1,1,17, 1,17, 0,7,66,,
-1,2,17, 2,17, 0,5,66,,
-1,0,16, 0,16, 0,18,60,,
-1,1,16, 1,16, 0,16,60,,
-1,2,16, 2,16, 0,19,60,,
-1,12,3, 12,3, 0,13,9,,
-1,8,3, 8,3, 0,4,11,,
-1,5,5, 5,5, 0,8,12,,
-1,1,1, 2,1, 0,9,28,,
-1,1,0, 1,0, 0,11,28,,
-1,1,5, 1,5, 0,29,1,,
-1,2,0, 2,0, 0,3,20,,
-1,4,4, 4,4, 0,10,77,,
-1,3,17, 3,17, 0,8,66,,
-1,15,16, 15,16, 0,10,64,,
-1,0,17, 0,17, 0,11,64,,
-1,12,15, 12,15, 0,8,30,,
-1,3,4, 3,4, 0,16,75,,
-1,12,5, 12,5, 0,20,18,,
-1,13,5, 14,5, 0,29,57,,
-1,14,4, 15,4, 0,29,56,,
-1,14,3, 14,3, 0,28,56,,
-1,13,4, 13,4, 0,28,57,,
-1,9,5, 9,5, 0,3,13,,
-1,10,5, 10,5, 0,3,16,,
-1,10,3, 10,3, 0,14,31,,
-1,11,3, 11,3, 0,5,20,,
-1,4,17, 4,17, 0,20,69,,
-1,5,17, 5,17, 0,21,69,,
-1,8,5, 8,5, 0,3,17,,
-1,7,4, 7,4, 0,28,71,,
-1,0,19, 0,19, -4,0,4,,
-1,1,19, 1,19, -4,10,12,,
-1,2,19, 2,19, -4,10,14,,
-1,3,19, 3,19, -4,10,13,,
-1,4,19, 4,19, -4,10,15,,
-1,5,19, 5,19, -4,0,56,,
-1,6,19, 6,19, -4,10,52,,
-1,7,19, 7,19, -4,10,54,,
-1,8,19, 8,19, -4,10,53,,
-1,9,19, 9,19, -4,10,55,,
-1,3,16, 3,16, 0,28,62,,
-1,4,16, 4,16, 0,29,62,,
-1,9,16, 9,16, 0,28,58,,
-1,13,3, 13,3, 0,5,56,,
-1,13,2, 13,2, 0,27,66,,
-1,14,2, 14,2, 0,27,64,,
-1,5,14, 5,14, 0,4,24,,
-1,0,2, 0,2, 0,16,32,,
-1,1,2, 1,2, 0,15,35,,
-1,2,2, 2,2, 0,15,36,,
-1,11,2, 12,2, 0,4,23,,
-1,10,2, 10,2, 0,0,41,,
-1,15,2, 15,2, 0,14,60,,
-1,15,3, 15,3, 0,18,61,,
-1,11,16, 11,16, 0,6,13,,
-1,12,16, 12,16, 0,10,13,,
-1,13,16, 13,16, 0,7,13,,
-1,14,16, 14,16, 0,11,13,,
-1,3,2, 3,2, 0,15,33,,
-1,4,2, 4,2, 0,15,34,,
-1,7,2, 7,2, 0,7,20,,
-1,0,28, 1,30, -5,8,0,,
-1,6,28, 11,29, -5,4,6,,
-1,12,28, 13,28, -5,2,7,,
-1,3,0, 3,0, 0,0,10,,
-1,3,1, 3,1, 0,1,10,,
0,12,4, 12,4, 0,27,44,,
0,16,4, 16,4, 0,30,44,,
-1,4,0, 4,0, 0,27,65,,
-1,3,5, 3,5, 0,20,0,,
-1,4,28, 4,28, -5,1,7,,
-1,4,28, 4,28, 0,20,0,,
0,9,24, 9,24, 0,6,91,,
-1,12,6, 12,6, 0,20,0,,
-1,14,11, 14,11, 0,20,0,,
0,0,1, 0,1, 0,15,21,,
